[General]
FileVersion=65
NumberOfJoysticks=1
NumberOfButtons=32
DisplayMode=2
UseDiagonalInput=0
UsePOV8Way=0
RepeatSameKeyInSequence=0
Threshold=20
Threshold2=20
KeySendMode=0
SoundFile=
ImageFile=

[Joystick 1]
Axis1p=8, 50.000000, 40.000000, 40, 0, 0, 0, 0, 0, 0, 0.000, 0, 0
Axis1n=8, 50.000000, 40.000000, -40, 0, 0, 0, 0, 0, 0, 0.000, 0, 0
Axis2n=8, 50.000000, 40.000000, 0, -30, 0, 0, 0, 0, 0, 0.000, 0, 0
Axis2p=8, 50.000000, 40.000000, 0, 40, 0, 0, 0, 0, 0, 0.000, 0, 0
Button01=6, "Maus", 0
Button03=6, "Diablo3_Fähigkeiten", 0

