[General]
FileVersion=65
NumberOfJoysticks=1
NumberOfButtons=32
DisplayMode=2
UseDiagonalInput=0
UsePOV8Way=0
RepeatSameKeyInSequence=0
Threshold=20
Threshold2=20
KeySendMode=0
SoundFile=
ImageFile=

[Joystick 1]
Axis1n=8, 50.000000, 40.000000, -34, 0, 1, 0, 0, 0, 0, 1.000, 0, 0
Axis1p=8, 50.000000, 40.000000, 37, 0, 1, 0, 0, 0, 0, 1.000, 0, 0
Axis2n=8, 50.000000, 40.000000, 0, -24, 1, 0, 0, 0, 0, 1.000, 0, 0
Axis2p=8, 50.000000, 40.000000, 0, 46, 1, 0, 0, 0, 0, 1.000, 0, 0
Button01=6, "Diablo3_Bewegung", 0

